##############################################################################################################
atom count:                  16
ok:                          True
job_done:                    True
error:                       False
type:                        VC-RELAX
summary:                     --------------------------------------------------------------------------
mpi_processes:               20
threads_per_mpi_process:     1
scf_settings:                14
                             bravais_lattice_index  0
                             alat  10.584
                             volume  1185.6309
                             electrons  256.00
                             electrons_up  None
                             electrons_down  None
                             ecut_wfc  71.0
                             ecut_rho  430.0
                             convergence_threshold  5e-05
                             mixing_beta  0.1
                             atomic_species  {'Fe': {'valence': '16.00', 'mass': '55.84500'}}
                             nat  16
                             types  1
                             Fe  [16.0, 55.845]
crystals (count):            8
results (count):             7
##############################################################################################################
crystal 1 (input):
##############################################################################################################
alat:                        10.584
cp:                          1.0 0.0 0.0
                             0.0 1.0 0.0
                             0.0 0.0 1.0
alat adjusted:               10.584
cp adjusted:                 1.0 0.0 0.0
                             0.0 1.0 0.0
                             0.0 0.0 1.0
cell volume:                 1185.6308567
density:                     8453.50442311
energy:                      -5267.69867635
total_force:                 0.000881
stress:                      -131.12 0.0 0.0
stress:                      0.0 -131.12 0.0
stress:                      0.0 0.0 -131.12
alat positions,  crystal positions,  forces:   
Fe         0.0            0.0            0.0            0.0            0.0            0.0            0.0            0.0            -0.0           
Fe         0.25           0.25           0.25           0.25           0.25           0.25           0.00017982     0.00017982     0.00017982     
Fe         0.0            0.0            0.5            0.0            0.0            0.5            0.0            0.0            0.0            
Fe         0.25           0.25           0.75           0.25           0.25           0.75           0.00017982     0.00017982     -0.00017982    
Fe         0.0            0.5            0.0            0.0            0.5            0.0            0.0            0.0            -0.0           
Fe         0.25           0.75           0.25           0.25           0.75           0.25           0.00017982     -0.00017982    0.00017982     
Fe         0.0            0.5            0.5            0.0            0.5            0.5            0.0            0.0            0.0            
Fe         0.25           0.75           0.75           0.25           0.75           0.75           0.00017982     -0.00017982    -0.00017982    
Fe         0.5            0.0            0.0            0.5            0.0            0.0            0.0            -0.0           0.0            
Fe         0.75           0.25           0.25           0.75           0.25           0.25           -0.00017982    0.00017982     0.00017982     
Fe         0.5            0.0            0.5            0.5            0.0            0.5            0.0            0.0            0.0            
Fe         0.75           0.25           0.75           0.75           0.25           0.75           -0.00017982    0.00017982     -0.00017982    
Fe         0.5            0.5            0.0            0.5            0.5            0.0            0.0            0.0            0.0            
Fe         0.75           0.75           0.25           0.75           0.75           0.25           -0.00017982    -0.00017982    0.00017982     
Fe         0.5            0.5            0.5            0.5            0.5            0.5            0.0            0.0            0.0            
Fe         0.75           0.75           0.75           0.75           0.75           0.75           -0.00017982    -0.00017982    -0.00017982    
##############################################################################################################
crystal 2:
##############################################################################################################
alat:                        10.584
cp:                          0.977716309 0.0 0.0
                             0.0 0.977716309 0.0
                             0.0 0.0 0.977716309
alat adjusted:               10.3481494145
cp adjusted:                 1.0 0.0 0.0
                             0.0 1.0 0.0
                             0.0 0.0 1.0
cell volume:                 1108.12326328
density:                     9044.78411693
energy:                      -5267.72609281
total_force:                 0.000126
stress:                      81.2 0.0 0.0
stress:                      0.0 81.2 0.0
stress:                      0.0 0.0 81.2
alat positions,  crystal positions,  forces:   
Fe         0.0            0.0            -0.0           0.0            0.0            -0.0           0.0            -0.0           0.0            
Fe         0.25001699     0.25001699     0.25001699     0.25001699     0.25001699     0.25001699     -2.569e-05     -2.569e-05     -2.569e-05     
Fe         0.0            0.0            0.5            0.0            0.0            0.5            0.0            0.0            -0.0           
Fe         0.25001699     0.25001699     0.74998301     0.25001699     0.25001699     0.74998301     -2.569e-05     -2.569e-05     2.569e-05      
Fe         0.0            0.5            -0.0           0.0            0.5            -0.0           0.0            0.0            -0.0           
Fe         0.25001699     0.74998301     0.25001699     0.25001699     0.74998301     0.25001699     -2.569e-05     2.569e-05      -2.569e-05     
Fe         0.0            0.5            0.5            0.0            0.5            0.5            0.0            0.0            0.0            
Fe         0.25001699     0.74998301     0.74998301     0.25001699     0.74998301     0.74998301     -2.569e-05     2.569e-05      2.569e-05      
Fe         0.5            -0.0           0.0            0.5            -0.0           0.0            0.0            0.0            0.0            
Fe         0.74998301     0.25001699     0.25001699     0.74998301     0.25001699     0.25001699     2.569e-05      -2.569e-05     -2.569e-05     
Fe         0.5            0.0            0.5            0.5            0.0            0.5            0.0            0.0            0.0            
Fe         0.74998301     0.25001699     0.74998301     0.74998301     0.25001699     0.74998301     2.569e-05      -2.569e-05     2.569e-05      
Fe         0.5            0.5            0.0            0.5            0.5            0.0            0.0            0.0            0.0            
Fe         0.74998301     0.74998301     0.25001699     0.74998301     0.74998301     0.25001699     2.569e-05      2.569e-05      -2.569e-05     
Fe         0.5            0.5            0.5            0.5            0.5            0.5            0.0            0.0            0.0            
Fe         0.74998301     0.74998301     0.74998301     0.74998301     0.74998301     0.74998301     2.569e-05      2.569e-05      2.569e-05      
##############################################################################################################
crystal 3:
##############################################################################################################
alat:                        10.584
cp:                          0.986002752 0.0 0.0
                             0.0 0.986002752 0.0
                             0.0 0.0 0.986002752
alat adjusted:               10.4358531272
cp adjusted:                 1.0 0.0 0.0
                             0.0 1.0 0.0
                             0.0 0.0 1.0
cell volume:                 1136.53777473
density:                     8818.65602198
energy:                      -5267.72675095
total_force:                 0.000123
stress:                      -33.03 0.0 0.0
stress:                      0.0 -33.03 0.0
stress:                      0.0 0.0 -33.03
alat positions,  crystal positions,  forces:   
Fe         0.0            -0.0           -0.0           0.0            -0.0           -0.0           0.0            0.0            -0.0           
Fe         0.250015499    0.250015499    0.250015499    0.250015499    0.250015499    0.250015499    -2.507e-05     -2.507e-05     -2.507e-05     
Fe         0.0            0.0            0.5            0.0            0.0            0.5            0.0            0.0            -0.0           
Fe         0.250015499    0.250015499    0.749984501    0.250015499    0.250015499    0.749984501    -2.507e-05     -2.507e-05     2.507e-05      
Fe         0.0            0.5            -0.0           0.0            0.5            -0.0           0.0            0.0            0.0            
Fe         0.250015499    0.749984501    0.250015499    0.250015499    0.749984501    0.250015499    -2.507e-05     2.507e-05      -2.507e-05     
Fe         0.0            0.5            0.5            0.0            0.5            0.5            0.0            0.0            0.0            
Fe         0.250015499    0.749984501    0.749984501    0.250015499    0.749984501    0.749984501    -2.507e-05     2.507e-05      2.507e-05      
Fe         0.5            -0.0           0.0            0.5            -0.0           0.0            0.0            0.0            0.0            
Fe         0.749984501    0.250015499    0.250015499    0.749984501    0.250015499    0.250015499    2.507e-05      -2.507e-05     -2.507e-05     
Fe         0.5            0.0            0.5            0.5            0.0            0.5            0.0            0.0            -0.0           
Fe         0.749984501    0.250015499    0.749984501    0.749984501    0.250015499    0.749984501    2.507e-05      -2.507e-05     2.507e-05      
Fe         0.5            0.5            0.0            0.5            0.5            0.0            0.0            0.0            -0.0           
Fe         0.749984501    0.749984501    0.250015499    0.749984501    0.749984501    0.250015499    2.507e-05      2.507e-05      -2.507e-05     
Fe         0.5            0.5            0.5            0.5            0.5            0.5            0.0            0.0            0.0            
Fe         0.749984501    0.749984501    0.749984501    0.749984501    0.749984501    0.749984501    2.507e-05      2.507e-05      2.507e-05      
##############################################################################################################
crystal 4:
##############################################################################################################
alat:                        10.584
cp:                          0.98357782 0.0 0.0
                             0.0 0.98357782 0.0
                             0.0 0.0 0.98357782
alat adjusted:               10.4101876469
cp adjusted:                 1.0 0.0 0.0
                             0.0 1.0 0.0
                             0.0 0.0 1.0
cell volume:                 1128.17292691
density:                     8884.04202252
energy:                      -5267.72798313
total_force:                 8.9e-05
stress:                      -12.7 0.0 0.0
stress:                      0.0 -12.7 0.0
stress:                      0.0 0.0 -12.7
alat positions,  crystal positions,  forces:   
Fe         0.0            -0.0           -0.0           0.0            -0.0           -0.0           0.0            0.0            -0.0           
Fe         0.250013588    0.250013588    0.250013588    0.250013588    0.250013588    0.250013588    -1.819e-05     -1.819e-05     -1.819e-05     
Fe         0.0            0.0            0.5            0.0            0.0            0.5            0.0            0.0            0.0            
Fe         0.250013588    0.250013588    0.749986412    0.250013588    0.250013588    0.749986412    -1.819e-05     -1.819e-05     1.819e-05      
Fe         0.0            0.5            -0.0           0.0            0.5            -0.0           0.0            0.0            -0.0           
Fe         0.250013588    0.749986412    0.250013588    0.250013588    0.749986412    0.250013588    -1.819e-05     1.819e-05      -1.819e-05     
Fe         0.0            0.5            0.5            0.0            0.5            0.5            0.0            0.0            0.0            
Fe         0.250013588    0.749986412    0.749986412    0.250013588    0.749986412    0.749986412    -1.819e-05     1.819e-05      1.819e-05      
Fe         0.5            0.0            0.0            0.5            0.0            0.0            0.0            0.0            0.0            
Fe         0.749986412    0.250013588    0.250013588    0.749986412    0.250013588    0.250013588    1.819e-05      -1.819e-05     -1.819e-05     
Fe         0.5            0.0            0.5            0.5            0.0            0.5            0.0            -0.0           0.0            
Fe         0.749986412    0.250013588    0.749986412    0.749986412    0.250013588    0.749986412    1.819e-05      -1.819e-05     1.819e-05      
Fe         0.5            0.5            -0.0           0.5            0.5            -0.0           0.0            0.0            0.0            
Fe         0.749986412    0.749986412    0.250013588    0.749986412    0.749986412    0.250013588    1.819e-05      1.819e-05      -1.819e-05     
Fe         0.5            0.5            0.5            0.5            0.5            0.5            0.0            0.0            0.0            
Fe         0.749986412    0.749986412    0.749986412    0.749986412    0.749986412    0.749986412    1.819e-05      1.819e-05      1.819e-05      
##############################################################################################################
crystal 5:
##############################################################################################################
alat:                        10.584
cp:                          0.982075385 0.0 0.0
                             0.0 0.982075385 0.0
                             0.0 0.0 0.982075385
alat adjusted:               10.3942858748
cp adjusted:                 1.0 0.0 0.0
                             0.0 1.0 0.0
                             0.0 0.0 1.0
cell volume:                 1123.0108992
density:                     8924.87837692
energy:                      -5267.72816729
total_force:                 9.4e-05
stress:                      -1.92 0.0 0.0
stress:                      0.0 -1.92 0.0
stress:                      0.0 0.0 -1.92
alat positions,  crystal positions,  forces:   
Fe         0.0            -0.0           -0.0           0.0            -0.0           -0.0           0.0            0.0            0.0            
Fe         0.250011114    0.250011114    0.250011114    0.250011114    0.250011114    0.250011114    -1.912e-05     -1.912e-05     -1.912e-05     
Fe         0.0            0.0            0.5            0.0            0.0            0.5            0.0            0.0            0.0            
Fe         0.250011114    0.250011114    0.749988886    0.250011114    0.250011114    0.749988886    -1.912e-05     -1.912e-05     1.912e-05      
Fe         0.0            0.5            -0.0           0.0            0.5            -0.0           0.0            0.0            0.0            
Fe         0.250011114    0.749988886    0.250011114    0.250011114    0.749988886    0.250011114    -1.912e-05     1.912e-05      -1.912e-05     
Fe         0.0            0.5            0.5            0.0            0.5            0.5            0.0            0.0            0.0            
Fe         0.250011114    0.749988886    0.749988886    0.250011114    0.749988886    0.749988886    -1.912e-05     1.912e-05      1.912e-05      
Fe         0.5            0.0            0.0            0.5            0.0            0.0            0.0            -0.0           0.0            
Fe         0.749988886    0.250011114    0.250011114    0.749988886    0.250011114    0.250011114    1.912e-05      -1.912e-05     -1.912e-05     
Fe         0.5            -0.0           0.5            0.5            -0.0           0.5            0.0            0.0            -0.0           
Fe         0.749988886    0.250011114    0.749988886    0.749988886    0.250011114    0.749988886    1.912e-05      -1.912e-05     1.912e-05      
Fe         0.5            0.5            0.0            0.5            0.5            0.0            0.0            0.0            0.0            
Fe         0.749988886    0.749988886    0.250011114    0.749988886    0.749988886    0.250011114    1.912e-05      1.912e-05      -1.912e-05     
Fe         0.5            0.5            0.5            0.5            0.5            0.5            0.0            0.0            0.0            
Fe         0.749988886    0.749988886    0.749988886    0.749988886    0.749988886    0.749988886    1.912e-05      1.912e-05      1.912e-05      
##############################################################################################################
crystal 6:
##############################################################################################################
alat:                        10.584
cp:                          0.981809145 0.0 0.0
                             0.0 0.981809145 0.0
                             0.0 0.0 0.981809145
alat adjusted:               10.3914679907
cp adjusted:                 1.0 0.0 0.0
                             0.0 1.0 0.0
                             0.0 0.0 1.0
cell volume:                 1122.0978042
density:                     8932.14090052
energy:                      -5267.72815291
total_force:                 6e-06
stress:                      -0.24 0.0 0.0
stress:                      0.0 -0.24 0.0
stress:                      0.0 0.0 -0.24
alat positions,  crystal positions,  forces:   
Fe         0.0            -0.0           -0.0           0.0            -0.0           -0.0           0.0            0.0            0.0            
Fe         0.250008886    0.250008886    0.250008886    0.250008886    0.250008886    0.250008886    1.23e-06       1.23e-06       1.23e-06       
Fe         0.0            0.0            0.5            0.0            0.0            0.5            0.0            0.0            0.0            
Fe         0.250008886    0.250008886    0.749991114    0.250008886    0.250008886    0.749991114    1.23e-06       1.23e-06       -1.23e-06      
Fe         0.0            0.5            -0.0           0.0            0.5            -0.0           0.0            0.0            0.0            
Fe         0.250008886    0.749991114    0.250008886    0.250008886    0.749991114    0.250008886    1.23e-06       -1.23e-06      1.23e-06       
Fe         0.0            0.5            0.5            0.0            0.5            0.5            0.0            0.0            0.0            
Fe         0.250008886    0.749991114    0.749991114    0.250008886    0.749991114    0.749991114    1.23e-06       -1.23e-06      -1.23e-06      
Fe         0.5            -0.0           0.0            0.5            -0.0           0.0            0.0            0.0            0.0            
Fe         0.749991114    0.250008886    0.250008886    0.749991114    0.250008886    0.250008886    -1.23e-06      1.23e-06       1.23e-06       
Fe         0.5            -0.0           0.5            0.5            -0.0           0.5            0.0            0.0            0.0            
Fe         0.749991114    0.250008886    0.749991114    0.749991114    0.250008886    0.749991114    -1.23e-06      1.23e-06       -1.23e-06      
Fe         0.5            0.5            0.0            0.5            0.5            0.0            0.0            0.0            0.0            
Fe         0.749991114    0.749991114    0.250008886    0.749991114    0.749991114    0.250008886    -1.23e-06      -1.23e-06      1.23e-06       
Fe         0.5            0.5            0.5            0.5            0.5            0.5            0.0            0.0            0.0            
Fe         0.749991114    0.749991114    0.749991114    0.749991114    0.749991114    0.749991114    -1.23e-06      -1.23e-06      -1.23e-06      
##############################################################################################################
crystal 7 (relaxed):
##############################################################################################################
alat:                        10.584
cp:                          0.981809145 0.0 0.0
                             0.0 0.981809145 0.0
                             0.0 0.0 0.981809145
alat adjusted:               10.3914679907
cp adjusted:                 1.0 0.0 0.0
                             0.0 1.0 0.0
                             0.0 0.0 1.0
cell volume:                 1122.0978042
density:                     8932.14090052
energy:                      -5267.70721439
total_force:                 1.7e-05
stress:                      3.0 0.0 0.0
stress:                      0.0 3.0 0.0
stress:                      0.0 0.0 3.0
alat positions,  crystal positions,  forces:   
Fe         0.0            -0.0           -0.0           0.0            -0.0           -0.0           0.0            0.0            0.0            
Fe         0.250008886    0.250008886    0.250008886    0.250008886    0.250008886    0.250008886    3.4e-06        3.4e-06        3.4e-06        
Fe         0.0            0.0            0.5            0.0            0.0            0.5            0.0            0.0            0.0            
Fe         0.250008886    0.250008886    0.749991114    0.250008886    0.250008886    0.749991114    3.4e-06        3.4e-06        -3.4e-06       
Fe         0.0            0.5            -0.0           0.0            0.5            -0.0           0.0            0.0            0.0            
Fe         0.250008886    0.749991114    0.250008886    0.250008886    0.749991114    0.250008886    3.4e-06        -3.4e-06       3.4e-06        
Fe         0.0            0.5            0.5            0.0            0.5            0.5            0.0            0.0            0.0            
Fe         0.250008886    0.749991114    0.749991114    0.250008886    0.749991114    0.749991114    3.4e-06        -3.4e-06       -3.4e-06       
Fe         0.5            -0.0           0.0            0.5            -0.0           0.0            0.0            0.0            0.0            
Fe         0.749991114    0.250008886    0.250008886    0.749991114    0.250008886    0.250008886    -3.4e-06       3.4e-06        3.4e-06        
Fe         0.5            -0.0           0.5            0.5            -0.0           0.5            0.0            -0.0           -0.0           
Fe         0.749991114    0.250008886    0.749991114    0.749991114    0.250008886    0.749991114    -3.4e-06       3.4e-06        -3.4e-06       
Fe         0.5            0.5            0.0            0.5            0.5            0.0            0.0            0.0            0.0            
Fe         0.749991114    0.749991114    0.250008886    0.749991114    0.749991114    0.250008886    -3.4e-06       -3.4e-06       3.4e-06        
Fe         0.5            0.5            0.5            0.5            0.5            0.5            0.0            0.0            0.0            
Fe         0.749991114    0.749991114    0.749991114    0.749991114    0.749991114    0.749991114    -3.4e-06       -3.4e-06       -3.4e-06       
##############################################################################################################
crystal 8 (final): 
##############################################################################################################
alat:                        10.584
cp:                          0.981809 0.0 0.0
                             0.0 0.981809 0.0
                             0.0 0.0 0.981809
alat adjusted:               10.391466456
cp adjusted:                 1.0 0.0 0.0
                             0.0 1.0 0.0
                             0.0 0.0 1.0
cell volume:                 1122.09730705
density:                     8932.14485799
energy:                      -5267.70721439
total_force:                 1.7e-05
stress:                      3.0 0.0 0.0
stress:                      0.0 3.0 0.0
stress:                      0.0 0.0 3.0
alat positions,  crystal positions,  forces:   
Fe         0.0            0.0            0.0            0.0            -0.0           -0.0           0.0            0.0            0.0            
Fe         0.2500089121   0.2500089121   0.2500089121   0.245461       0.245461       0.245461       3.4e-06        3.4e-06        3.4e-06        
Fe         0.0            0.0            0.4999994907   0.0            0.0            0.490904       0.0            0.0            0.0            
Fe         0.2500089121   0.2500089121   0.7499910879   0.245461       0.245461       0.736348       3.4e-06        3.4e-06        -3.4e-06       
Fe         0.0            0.5000001019   0.0            0.0            0.4909046      -0.0           0.0            0.0            0.0            
Fe         0.2500089121   0.7499911897   0.2500089121   0.245461       0.7363481      0.245461       3.4e-06        -3.4e-06       3.4e-06        
Fe         0.0            0.5000001019   0.4999994907   0.0            0.4909046      0.490904       0.0            0.0            0.0            
Fe         0.2500089121   0.7499911897   0.7499910879   0.245461       0.7363481      0.736348       3.4e-06        -3.4e-06       -3.4e-06       
Fe         0.5000001019   0.0            0.0            0.4909046      -0.0           0.0            0.0            0.0            0.0            
Fe         0.7499911897   0.2500089121   0.2500089121   0.7363481      0.245461       0.245461       -3.4e-06       3.4e-06        3.4e-06        
Fe         0.5000001019   0.0            0.4999994907   0.4909046      -0.0           0.490904       0.0            -0.0           -0.0           
Fe         0.7499911897   0.2500089121   0.7499910879   0.7363481      0.245461       0.736348       -3.4e-06       3.4e-06        -3.4e-06       
Fe         0.5000001019   0.5000001019   0.0            0.4909046      0.4909046      0.0            0.0            0.0            0.0            
Fe         0.7499911897   0.7499911897   0.2500089121   0.7363481      0.7363481      0.245461       -3.4e-06       -3.4e-06       3.4e-06        
Fe         0.5000001019   0.5000001019   0.4999994907   0.4909046      0.4909046      0.490904       0.0            0.0            0.0            
Fe         0.7499911897   0.7499911897   0.7499910879   0.7363481      0.7363481      0.736348       -3.4e-06       -3.4e-06       -3.4e-06       
