##############################################################################################################
atom count:                  32
ok:                          True
job_done:                    True
error:                       False
type:                        VC-RELAX
summary:                     --------------------------------------------------------------------------
mpi_processes:               20
threads_per_mpi_process:     1
scf_settings:                14
                             bravais_lattice_index  0
                             alat  14.7042
                             volume  3179.2465
                             electrons  576.00
                             electrons_up  None
                             electrons_down  None
                             ecut_wfc  71.0
                             ecut_rho  430.0
                             convergence_threshold  1e-06
                             mixing_beta  0.1
                             atomic_species  {'Pd': {'valence': '18.00', 'mass': '106.42000'}}
                             nat  32
                             types  1
                             Pd  [18.0, 106.42]
crystals (count):            7
results (count):             6
##############################################################################################################
crystal 1 (input):
##############################################################################################################
alat:                        14.7042
cp:                          1.0 0.0 0.0
                             0.0 1.0 0.0
                             0.0 0.0 1.0
alat adjusted:               14.7042
cp adjusted:                 1.0 0.0 0.0
                             0.0 1.0 0.0
                             0.0 0.0 1.0
cell volume:                 3179.246512
density:                     12015.2006909
energy:                      -16384.9324464
total_force:                 0.00113
stress:                      54.28 0.0 0.0
stress:                      0.0 54.28 0.0
stress:                      0.0 0.0 54.28
alat positions,  crystal positions,  forces:   
Pd         0.0            0.0            0.0            0.0            0.0            0.0            0.0            0.0            0.0            
Pd         0.25           0.25           0.0            0.25           0.25           0.0            7.09e-05       7.09e-05       -0.0           
Pd         0.25           0.0            0.25           0.25           0.0            0.25           7.09e-05       0.0            7.09e-05       
Pd         0.0            0.25           0.25           0.0            0.25           0.25           0.0            7.09e-05       7.09e-05       
Pd         0.0            0.0            0.5            0.0            0.0            0.5            0.0            -0.0           0.0            
Pd         0.25           0.25           0.5            0.25           0.25           0.5            0.00021945     0.00021945     0.0            
Pd         0.25           0.0            0.75           0.25           0.0            0.75           7.09e-05       0.0            -7.09e-05      
Pd         0.0            0.25           0.75           0.0            0.25           0.75           -0.0           7.09e-05       -7.09e-05      
Pd         0.0            0.5            0.0            0.0            0.5            0.0            0.0            0.0            0.0            
Pd         0.25           0.75           0.0            0.25           0.75           0.0            7.09e-05       -7.09e-05      0.0            
Pd         0.25           0.5            0.25           0.25           0.5            0.25           0.00021945     0.0            0.00021945     
Pd         0.0            0.75           0.25           0.0            0.75           0.25           -0.0           -7.09e-05      7.09e-05       
Pd         0.0            0.5            0.5            0.0            0.5            0.5            0.0            -0.0           0.0            
Pd         0.25           0.75           0.5            0.25           0.75           0.5            0.00021945     -0.00021945    -0.0           
Pd         0.25           0.5            0.75           0.25           0.5            0.75           0.00021945     0.0            -0.00021945    
Pd         0.0            0.75           0.75           0.0            0.75           0.75           0.0            -7.09e-05      -7.09e-05      
Pd         0.5            0.0            0.0            0.5            0.0            0.0            0.0            0.0            0.0            
Pd         0.75           0.25           0.0            0.75           0.25           0.0            -7.09e-05      7.09e-05       -0.0           
Pd         0.75           0.0            0.25           0.75           0.0            0.25           -7.09e-05      0.0            7.09e-05       
Pd         0.5            0.25           0.25           0.5            0.25           0.25           -0.0           0.00021945     0.00021945     
Pd         0.5            0.0            0.5            0.5            0.0            0.5            0.0            0.0            0.0            
Pd         0.75           0.25           0.5            0.75           0.25           0.5            -0.00021945    0.00021945     -0.0           
Pd         0.75           0.0            0.75           0.75           0.0            0.75           -7.09e-05      0.0            -7.09e-05      
Pd         0.5            0.25           0.75           0.5            0.25           0.75           0.0            0.00021945     -0.00021945    
Pd         0.5            0.5            0.0            0.5            0.5            0.0            0.0            0.0            0.0            
Pd         0.75           0.75           0.0            0.75           0.75           0.0            -7.09e-05      -7.09e-05      0.0            
Pd         0.75           0.5            0.25           0.75           0.5            0.25           -0.00021945    0.0            0.00021945     
Pd         0.5            0.75           0.25           0.5            0.75           0.25           0.0            -0.00021945    0.00021945     
Pd         0.5            0.5            0.5            0.5            0.5            0.5            0.0            -0.0           0.0            
Pd         0.75           0.75           0.5            0.75           0.75           0.5            -0.00021945    -0.00021945    0.0            
Pd         0.75           0.5            0.75           0.75           0.5            0.75           -0.00021945    0.0            -0.00021945    
Pd         0.5            0.75           0.75           0.5            0.75           0.75           0.0            -0.00021945    -0.00021945    
##############################################################################################################
crystal 2:
##############################################################################################################
alat:                        14.7042
cp:                          1.009223994 0.0 0.0
                             0.0 1.009223994 0.0
                             0.0 0.0 1.009223994
alat adjusted:               14.8398314526
cp adjusted:                 1.0 0.0 0.0
                             0.0 1.0 0.0
                             0.0 0.0 1.0
cell volume:                 3268.03654989
density:                     11688.7569353
energy:                      -16384.94888353
total_force:                 0.000238
stress:                      -0.17 0.0 0.0
stress:                      0.0 -0.17 0.0
stress:                      0.0 0.0 -0.17
alat positions,  crystal positions,  forces:   
Pd         0.0            0.0            0.0            0.0            0.0            0.0            0.0            0.0            0.0            
Pd         0.250004822    0.250004822    -0.0           0.250004822    0.250004822    -0.0           -4.22e-06      -4.22e-06      0.0            
Pd         0.250004822    0.0            0.250004822    0.250004822    0.0            0.250004822    -4.22e-06      -0.0           -4.22e-06      
Pd         0.0            0.250004822    0.250004822    0.0            0.250004822    0.250004822    -0.0           -4.22e-06      -4.22e-06      
Pd         0.0            -0.0           0.5            0.0            -0.0           0.5            0.0            0.0            0.0            
Pd         0.250014924    0.250014924    0.5            0.250014924    0.250014924    0.5            -4.837e-05     -4.837e-05     0.0            
Pd         0.250004822    0.0            0.749995178    0.250004822    0.0            0.749995178    -4.22e-06      -0.0           4.22e-06       
Pd         -0.0           0.250004822    0.749995178    -0.0           0.250004822    0.749995178    -0.0           -4.22e-06      4.22e-06       
Pd         0.0            0.5            0.0            0.0            0.5            0.0            0.0            0.0            0.0            
Pd         0.250004822    0.749995178    0.0            0.250004822    0.749995178    0.0            -4.22e-06      4.22e-06       -0.0           
Pd         0.250014924    0.5            0.250014924    0.250014924    0.5            0.250014924    -4.837e-05     0.0            -4.837e-05     
Pd         -0.0           0.749995178    0.250004822    -0.0           0.749995178    0.250004822    -0.0           4.22e-06       -4.22e-06      
Pd         0.0            0.5            0.5            0.0            0.5            0.5            0.0            0.0            0.0            
Pd         0.250014924    0.749985076    0.5            0.250014924    0.749985076    0.5            -4.837e-05     4.837e-05      -0.0           
Pd         0.250014924    0.5            0.749985076    0.250014924    0.5            0.749985076    -4.837e-05     -0.0           4.837e-05      
Pd         0.0            0.749995178    0.749995178    0.0            0.749995178    0.749995178    -0.0           4.22e-06       4.22e-06       
Pd         0.5            0.0            0.0            0.5            0.0            0.0            0.0            -0.0           0.0            
Pd         0.749995178    0.250004822    -0.0           0.749995178    0.250004822    -0.0           4.22e-06       -4.22e-06      0.0            
Pd         0.749995178    0.0            0.250004822    0.749995178    0.0            0.250004822    4.22e-06       -0.0           -4.22e-06      
Pd         0.5            0.250014924    0.250014924    0.5            0.250014924    0.250014924    -0.0           -4.837e-05     -4.837e-05     
Pd         0.5            0.0            0.5            0.5            0.0            0.5            0.0            0.0            0.0            
Pd         0.749985076    0.250014924    0.5            0.749985076    0.250014924    0.5            4.837e-05      -4.837e-05     0.0            
Pd         0.749995178    0.0            0.749995178    0.749995178    0.0            0.749995178    4.22e-06       0.0            4.22e-06       
Pd         0.5            0.250014924    0.749985076    0.5            0.250014924    0.749985076    0.0            -4.837e-05     4.837e-05      
Pd         0.5            0.5            0.0            0.5            0.5            0.0            0.0            0.0            -0.0           
Pd         0.749995178    0.749995178    0.0            0.749995178    0.749995178    0.0            4.22e-06       4.22e-06       -0.0           
Pd         0.749985076    0.5            0.250014924    0.749985076    0.5            0.250014924    4.837e-05      0.0            -4.837e-05     
Pd         0.5            0.749985076    0.250014924    0.5            0.749985076    0.250014924    0.0            4.837e-05      -4.837e-05     
Pd         0.5            0.5            0.5            0.5            0.5            0.5            0.0            0.0            0.0            
Pd         0.749985076    0.749985076    0.5            0.749985076    0.749985076    0.5            4.837e-05      4.837e-05      -0.0           
Pd         0.749985076    0.5            0.749985076    0.749985076    0.5            0.749985076    4.837e-05      -0.0           4.837e-05      
Pd         0.5            0.749985076    0.749985076    0.5            0.749985076    0.749985076    -0.0           4.837e-05      4.837e-05      
##############################################################################################################
crystal 3:
##############################################################################################################
alat:                        14.7042
cp:                          1.009195508 0.0 0.0
                             0.0 1.009195508 0.0
                             0.0 0.0 1.009195508
alat adjusted:               14.8394125887
cp adjusted:                 1.0 0.0 0.0
                             0.0 1.0 0.0
                             0.0 0.0 1.0
cell volume:                 3267.75983037
density:                     11689.7467594
energy:                      -16384.94888312
total_force:                 0.000206
stress:                      0.53 0.0 0.0
stress:                      0.0 0.53 0.0
stress:                      0.0 0.0 0.53
alat positions,  crystal positions,  forces:   
Pd         0.0            0.0            0.0            0.0            0.0            0.0            0.0            0.0            0.0            
Pd         0.250004533    0.250004533    -0.0           0.250004533    0.250004533    -0.0           -7.78e-06      -7.78e-06      0.0            
Pd         0.250004533    -0.0           0.250004533    0.250004533    -0.0           0.250004533    -7.78e-06      -0.0           -7.78e-06      
Pd         0.0            0.250004533    0.250004533    0.0            0.250004533    0.250004533    0.0            -7.78e-06      -7.78e-06      
Pd         0.0            -0.0           0.5            0.0            -0.0           0.5            0.0            0.0            0.0            
Pd         0.250011614    0.250011614    0.5            0.250011614    0.250011614    0.5            -4.122e-05     -4.122e-05     0.0            
Pd         0.250004533    -0.0           0.749995467    0.250004533    -0.0           0.749995467    -7.78e-06      0.0            7.78e-06       
Pd         -0.0           0.250004533    0.749995467    -0.0           0.250004533    0.749995467    -0.0           -7.78e-06      7.78e-06       
Pd         0.0            0.5            0.0            0.0            0.5            0.0            0.0            0.0            0.0            
Pd         0.250004533    0.749995467    -0.0           0.250004533    0.749995467    -0.0           -7.78e-06      7.78e-06       -0.0           
Pd         0.250011614    0.5            0.250011614    0.250011614    0.5            0.250011614    -4.122e-05     0.0            -4.122e-05     
Pd         -0.0           0.749995467    0.250004533    -0.0           0.749995467    0.250004533    -0.0           7.78e-06       -7.78e-06      
Pd         0.0            0.5            0.5            0.0            0.5            0.5            0.0            0.0            0.0            
Pd         0.250011614    0.749988386    0.5            0.250011614    0.749988386    0.5            -4.122e-05     4.122e-05      -0.0           
Pd         0.250011614    0.5            0.749988386    0.250011614    0.5            0.749988386    -4.122e-05     0.0            4.122e-05      
Pd         0.0            0.749995467    0.749995467    0.0            0.749995467    0.749995467    -0.0           7.78e-06       7.78e-06       
Pd         0.5            -0.0           0.0            0.5            -0.0           0.0            0.0            0.0            0.0            
Pd         0.749995467    0.250004533    0.0            0.749995467    0.250004533    0.0            7.78e-06       -7.78e-06      -0.0           
Pd         0.749995467    -0.0           0.250004533    0.749995467    -0.0           0.250004533    7.78e-06       -0.0           -7.78e-06      
Pd         0.5            0.250011614    0.250011614    0.5            0.250011614    0.250011614    -0.0           -4.122e-05     -4.122e-05     
Pd         0.5            0.0            0.5            0.5            0.0            0.5            0.0            0.0            0.0            
Pd         0.749988386    0.250011614    0.5            0.749988386    0.250011614    0.5            4.122e-05      -4.122e-05     0.0            
Pd         0.749995467    0.0            0.749995467    0.749995467    0.0            0.749995467    7.78e-06       -0.0           7.78e-06       
Pd         0.5            0.250011614    0.749988386    0.5            0.250011614    0.749988386    -0.0           -4.122e-05     4.122e-05      
Pd         0.5            0.5            -0.0           0.5            0.5            -0.0           0.0            0.0            0.0            
Pd         0.749995467    0.749995467    -0.0           0.749995467    0.749995467    -0.0           7.78e-06       7.78e-06       0.0            
Pd         0.749988386    0.5            0.250011614    0.749988386    0.5            0.250011614    4.122e-05      -0.0           -4.122e-05     
Pd         0.5            0.749988386    0.250011614    0.5            0.749988386    0.250011614    0.0            4.122e-05      -4.122e-05     
Pd         0.5            0.5            0.5            0.5            0.5            0.5            0.0            0.0            0.0            
Pd         0.749988386    0.749988386    0.5            0.749988386    0.749988386    0.5            4.122e-05      4.122e-05      -0.0           
Pd         0.749988386    0.5            0.749988386    0.749988386    0.5            0.749988386    4.122e-05      0.0            4.122e-05      
Pd         0.5            0.749988386    0.749988386    0.5            0.749988386    0.749988386    0.0            4.122e-05      4.122e-05      
##############################################################################################################
crystal 4:
##############################################################################################################
alat:                        14.7042
cp:                          1.009195664 0.0 0.0
                             0.0 1.009195664 0.0
                             0.0 0.0 1.009195664
alat adjusted:               14.8394148826
cp adjusted:                 1.0 0.0 0.0
                             0.0 1.0 0.0
                             0.0 0.0 1.0
cell volume:                 3267.76134574
density:                     11689.7413384
energy:                      -16384.94888316
total_force:                 0.000172
stress:                      0.91 0.0 0.0
stress:                      0.0 0.91 0.0
stress:                      0.0 0.0 0.91
alat positions,  crystal positions,  forces:   
Pd         0.0            0.0            0.0            0.0            0.0            0.0            0.0            0.0            0.0            
Pd         0.250004537    0.250004537    -0.0           0.250004537    0.250004537    -0.0           -5.97e-06      -5.97e-06      0.0            
Pd         0.250004537    -0.0           0.250004537    0.250004537    -0.0           0.250004537    -5.97e-06      0.0            -5.97e-06      
Pd         0.0            0.250004537    0.250004537    0.0            0.250004537    0.250004537    -0.0           -5.97e-06      -5.97e-06      
Pd         0.0            -0.0           0.5            0.0            -0.0           0.5            0.0            0.0            0.0            
Pd         0.250011664    0.250011664    0.5            0.250011664    0.250011664    0.5            -3.45e-05      -3.45e-05      0.0            
Pd         0.250004537    -0.0           0.749995463    0.250004537    -0.0           0.749995463    -5.97e-06      -0.0           5.97e-06       
Pd         -0.0           0.250004537    0.749995463    -0.0           0.250004537    0.749995463    0.0            -5.97e-06      5.97e-06       
Pd         0.0            0.5            0.0            0.0            0.5            0.0            0.0            0.0            -0.0           
Pd         0.250004537    0.749995463    -0.0           0.250004537    0.749995463    -0.0           -5.97e-06      5.97e-06       -0.0           
Pd         0.250011664    0.5            0.250011664    0.250011664    0.5            0.250011664    -3.45e-05      -0.0           -3.45e-05      
Pd         -0.0           0.749995463    0.250004537    -0.0           0.749995463    0.250004537    0.0            5.97e-06       -5.97e-06      
Pd         0.0            0.5            0.5            0.0            0.5            0.5            0.0            0.0            0.0            
Pd         0.250011664    0.749988336    0.5            0.250011664    0.749988336    0.5            -3.45e-05      3.45e-05       -0.0           
Pd         0.250011664    0.5            0.749988336    0.250011664    0.5            0.749988336    -3.45e-05      0.0            3.45e-05       
Pd         0.0            0.749995463    0.749995463    0.0            0.749995463    0.749995463    0.0            5.97e-06       5.97e-06       
Pd         0.5            -0.0           0.0            0.5            -0.0           0.0            0.0            0.0            0.0            
Pd         0.749995463    0.250004537    0.0            0.749995463    0.250004537    0.0            5.97e-06       -5.97e-06      0.0            
Pd         0.749995463    -0.0           0.250004537    0.749995463    -0.0           0.250004537    5.97e-06       -0.0           -5.97e-06      
Pd         0.5            0.250011664    0.250011664    0.5            0.250011664    0.250011664    -0.0           -3.45e-05      -3.45e-05      
Pd         0.5            0.0            0.5            0.5            0.0            0.5            0.0            0.0            0.0            
Pd         0.749988336    0.250011664    0.5            0.749988336    0.250011664    0.5            3.45e-05       -3.45e-05      -0.0           
Pd         0.749995463    0.0            0.749995463    0.749995463    0.0            0.749995463    5.97e-06       0.0            5.97e-06       
Pd         0.5            0.250011664    0.749988336    0.5            0.250011664    0.749988336    0.0            -3.45e-05      3.45e-05       
Pd         0.5            0.5            -0.0           0.5            0.5            -0.0           0.0            0.0            -0.0           
Pd         0.749995463    0.749995463    -0.0           0.749995463    0.749995463    -0.0           5.97e-06       5.97e-06       -0.0           
Pd         0.749988336    0.5            0.250011664    0.749988336    0.5            0.250011664    3.45e-05       0.0            -3.45e-05      
Pd         0.5            0.749988336    0.250011664    0.5            0.749988336    0.250011664    -0.0           3.45e-05       -3.45e-05      
Pd         0.5            0.5            0.5            0.5            0.5            0.5            0.0            0.0            0.0            
Pd         0.749988336    0.749988336    0.5            0.749988336    0.749988336    0.5            3.45e-05       3.45e-05       0.0            
Pd         0.749988336    0.5            0.749988336    0.749988336    0.5            0.749988336    3.45e-05       -0.0           3.45e-05       
Pd         0.5            0.749988336    0.749988336    0.5            0.749988336    0.749988336    0.0            3.45e-05       3.45e-05       
##############################################################################################################
crystal 5:
##############################################################################################################
alat:                        14.7042
cp:                          1.009195664 0.0 0.0
                             0.0 1.009195664 0.0
                             0.0 0.0 1.009195664
alat adjusted:               14.8394148826
cp adjusted:                 1.0 0.0 0.0
                             0.0 1.0 0.0
                             0.0 0.0 1.0
cell volume:                 3267.76134574
density:                     11689.7413384
energy:                      -16384.94888315
total_force:                 0.000199
stress:                      0.73 0.0 0.0
stress:                      0.0 0.73 0.0
stress:                      0.0 0.0 0.73
alat positions,  crystal positions,  forces:   
Pd         0.0            0.0            0.0            0.0            0.0            0.0            0.0            0.0            0.0            
Pd         0.250004537    0.250004537    -0.0           0.250004537    0.250004537    -0.0           -8.37e-06      -8.37e-06      0.0            
Pd         0.250004537    -0.0           0.250004537    0.250004537    -0.0           0.250004537    -8.37e-06      -0.0           -8.37e-06      
Pd         0.0            0.250004537    0.250004537    0.0            0.250004537    0.250004537    0.0            -8.37e-06      -8.37e-06      
Pd         0.0            -0.0           0.5            0.0            -0.0           0.5            0.0            -0.0           0.0            
Pd         0.250011664    0.250011664    0.5            0.250011664    0.250011664    0.5            -3.97e-05      -3.97e-05      0.0            
Pd         0.250004537    -0.0           0.749995463    0.250004537    -0.0           0.749995463    -8.37e-06      0.0            8.37e-06       
Pd         -0.0           0.250004537    0.749995463    -0.0           0.250004537    0.749995463    0.0            -8.37e-06      8.37e-06       
Pd         0.0            0.5            0.0            0.0            0.5            0.0            0.0            0.0            0.0            
Pd         0.250004537    0.749995463    -0.0           0.250004537    0.749995463    -0.0           -8.37e-06      8.37e-06       -0.0           
Pd         0.250011664    0.5            0.250011664    0.250011664    0.5            0.250011664    -3.97e-05      -0.0           -3.97e-05      
Pd         -0.0           0.749995463    0.250004537    -0.0           0.749995463    0.250004537    -0.0           8.37e-06       -8.37e-06      
Pd         0.0            0.5            0.5            0.0            0.5            0.5            0.0            -0.0           0.0            
Pd         0.250011664    0.749988336    0.5            0.250011664    0.749988336    0.5            -3.97e-05      3.97e-05       0.0            
Pd         0.250011664    0.5            0.749988336    0.250011664    0.5            0.749988336    -3.97e-05      0.0            3.97e-05       
Pd         0.0            0.749995463    0.749995463    0.0            0.749995463    0.749995463    -0.0           8.37e-06       8.37e-06       
Pd         0.5            -0.0           0.0            0.5            -0.0           0.0            0.0            0.0            -0.0           
Pd         0.749995463    0.250004537    0.0            0.749995463    0.250004537    0.0            8.37e-06       -8.37e-06      0.0            
Pd         0.749995463    -0.0           0.250004537    0.749995463    -0.0           0.250004537    8.37e-06       0.0            -8.37e-06      
Pd         0.5            0.250011664    0.250011664    0.5            0.250011664    0.250011664    -0.0           -3.97e-05      -3.97e-05      
Pd         0.5            0.0            0.5            0.5            0.0            0.5            0.0            0.0            0.0            
Pd         0.749988336    0.250011664    0.5            0.749988336    0.250011664    0.5            3.97e-05       -3.97e-05      0.0            
Pd         0.749995463    0.0            0.749995463    0.749995463    0.0            0.749995463    8.37e-06       -0.0           8.37e-06       
Pd         0.5            0.250011664    0.749988336    0.5            0.250011664    0.749988336    0.0            -3.97e-05      3.97e-05       
Pd         0.5            0.5            -0.0           0.5            0.5            -0.0           0.0            0.0            0.0            
Pd         0.749995463    0.749995463    -0.0           0.749995463    0.749995463    -0.0           8.37e-06       8.37e-06       -0.0           
Pd         0.749988336    0.5            0.250011664    0.749988336    0.5            0.250011664    3.97e-05       -0.0           -3.97e-05      
Pd         0.5            0.749988336    0.250011664    0.5            0.749988336    0.250011664    0.0            3.97e-05       -3.97e-05      
Pd         0.5            0.5            0.5            0.5            0.5            0.5            0.0            0.0            0.0            
Pd         0.749988336    0.749988336    0.5            0.749988336    0.749988336    0.5            3.97e-05       3.97e-05       0.0            
Pd         0.749988336    0.5            0.749988336    0.749988336    0.5            0.749988336    3.97e-05       -0.0           3.97e-05       
Pd         0.5            0.749988336    0.749988336    0.5            0.749988336    0.749988336    -0.0           3.97e-05       3.97e-05       
##############################################################################################################
crystal 6 (relaxed):
##############################################################################################################
alat:                        14.7042
cp:                          1.009195664 0.0 0.0
                             0.0 1.009195664 0.0
                             0.0 0.0 1.009195664
alat adjusted:               14.8394148826
cp adjusted:                 1.0 0.0 0.0
                             0.0 1.0 0.0
                             0.0 0.0 1.0
cell volume:                 3267.76134574
density:                     11689.7413384
energy:                      -16384.95810846
total_force:                 0.000188
stress:                      1.9 0.0 0.0
stress:                      0.0 1.9 0.0
stress:                      0.0 0.0 1.9
alat positions,  crystal positions,  forces:   
Pd         0.0            0.0            0.0            0.0            0.0            0.0            0.0            0.0            0.0            
Pd         0.250004537    0.250004537    -0.0           0.250004537    0.250004537    -0.0           -6.12e-06      -6.12e-06      -0.0           
Pd         0.250004537    -0.0           0.250004537    0.250004537    -0.0           0.250004537    -6.12e-06      0.0            -6.12e-06      
Pd         0.0            0.250004537    0.250004537    0.0            0.250004537    0.250004537    0.0            -6.12e-06      -6.12e-06      
Pd         0.0            -0.0           0.5            0.0            -0.0           0.5            0.0            0.0            0.0            
Pd         0.250011664    0.250011664    0.5            0.250011664    0.250011664    0.5            -3.796e-05     -3.796e-05     0.0            
Pd         0.250004537    -0.0           0.749995463    0.250004537    -0.0           0.749995463    -6.12e-06      0.0            6.12e-06       
Pd         -0.0           0.250004537    0.749995463    -0.0           0.250004537    0.749995463    0.0            -6.12e-06      6.12e-06       
Pd         0.0            0.5            0.0            0.0            0.5            0.0            0.0            0.0            0.0            
Pd         0.250004537    0.749995463    -0.0           0.250004537    0.749995463    -0.0           -6.12e-06      6.12e-06       0.0            
Pd         0.250011664    0.5            0.250011664    0.250011664    0.5            0.250011664    -3.796e-05     -0.0           -3.796e-05     
Pd         -0.0           0.749995463    0.250004537    -0.0           0.749995463    0.250004537    0.0            6.12e-06       -6.12e-06      
Pd         0.0            0.5            0.5            0.0            0.5            0.5            0.0            0.0            0.0            
Pd         0.250011664    0.749988336    0.5            0.250011664    0.749988336    0.5            -3.796e-05     3.796e-05      -0.0           
Pd         0.250011664    0.5            0.749988336    0.250011664    0.5            0.749988336    -3.796e-05     0.0            3.796e-05      
Pd         0.0            0.749995463    0.749995463    0.0            0.749995463    0.749995463    -0.0           6.12e-06       6.12e-06       
Pd         0.5            -0.0           0.0            0.5            -0.0           0.0            0.0            0.0            0.0            
Pd         0.749995463    0.250004537    0.0            0.749995463    0.250004537    0.0            6.12e-06       -6.12e-06      0.0            
Pd         0.749995463    -0.0           0.250004537    0.749995463    -0.0           0.250004537    6.12e-06       -0.0           -6.12e-06      
Pd         0.5            0.250011664    0.250011664    0.5            0.250011664    0.250011664    -0.0           -3.796e-05     -3.796e-05     
Pd         0.5            0.0            0.5            0.5            0.0            0.5            0.0            0.0            0.0            
Pd         0.749988336    0.250011664    0.5            0.749988336    0.250011664    0.5            3.796e-05      -3.796e-05     0.0            
Pd         0.749995463    0.0            0.749995463    0.749995463    0.0            0.749995463    6.12e-06       0.0            6.12e-06       
Pd         0.5            0.250011664    0.749988336    0.5            0.250011664    0.749988336    0.0            -3.796e-05     3.796e-05      
Pd         0.5            0.5            -0.0           0.5            0.5            -0.0           0.0            0.0            0.0            
Pd         0.749995463    0.749995463    -0.0           0.749995463    0.749995463    -0.0           6.12e-06       6.12e-06       0.0            
Pd         0.749988336    0.5            0.250011664    0.749988336    0.5            0.250011664    3.796e-05      0.0            -3.796e-05     
Pd         0.5            0.749988336    0.250011664    0.5            0.749988336    0.250011664    -0.0           3.796e-05      -3.796e-05     
Pd         0.5            0.5            0.5            0.5            0.5            0.5            0.0            -0.0           0.0            
Pd         0.749988336    0.749988336    0.5            0.749988336    0.749988336    0.5            3.796e-05      3.796e-05      0.0            
Pd         0.749988336    0.5            0.749988336    0.749988336    0.5            0.749988336    3.796e-05      0.0            3.796e-05      
Pd         0.5            0.749988336    0.749988336    0.5            0.749988336    0.749988336    -0.0           3.796e-05      3.796e-05      
##############################################################################################################
crystal 7 (final): 
##############################################################################################################
alat:                        14.7042
cp:                          1.009196 0.0 0.0
                             0.0 1.009196 0.0
                             0.0 0.0 1.009196
alat adjusted:               14.8394198232
cp adjusted:                 1.0 0.0 0.0
                             0.0 1.0 0.0
                             0.0 0.0 1.0
cell volume:                 3267.76460963
density:                     11689.7296625
energy:                      -16384.95810846
total_force:                 0.000188
stress:                      1.9 0.0 0.0
stress:                      0.0 1.9 0.0
stress:                      0.0 0.0 1.9
alat positions,  crystal positions,  forces:   
Pd         0.0            0.0            0.0            0.0            0.0            0.0            0.0            0.0            0.0            
Pd         0.250004459    0.250004459    0.0            0.2523035      0.2523035      -0.0           -6.12e-06      -6.12e-06      -0.0           
Pd         0.250004459    0.0            0.2500039636   0.2523035      -0.0           0.252303       -6.12e-06      0.0            -6.12e-06      
Pd         0.0            0.250004459    0.2500039636   0.0            0.2523035      0.252303       0.0            -6.12e-06      -6.12e-06      
Pd         0.0            0.0            0.4999990091   0.0            -0.0           0.504597       0.0            0.0            0.0            
Pd         0.2500115934   0.2500115934   0.4999990091   0.2523107      0.2523107      0.504597       -3.796e-05     -3.796e-05     0.0            
Pd         0.250004459    0.0            0.7499950456   0.2523035      -0.0           0.756892       -6.12e-06      0.0            6.12e-06       
Pd         0.0            0.250004459    0.7499950456   -0.0           0.2523035      0.756892       0.0            -6.12e-06      6.12e-06       
Pd         0.0            0.4999998018   0.0            0.0            0.5045978      0.0            0.0            0.0            0.0            
Pd         0.250004459    0.7499952437   0.0            0.2523035      0.7568922      -0.0           -6.12e-06      6.12e-06       0.0            
Pd         0.2500115934   0.4999998018   0.2500108998   0.2523107      0.5045978      0.25231        -3.796e-05     -0.0           -3.796e-05     
Pd         0.0            0.7499952437   0.2500039636   -0.0           0.7568922      0.252303       0.0            6.12e-06       -6.12e-06      
Pd         0.0            0.4999998018   0.4999990091   0.0            0.5045978      0.504597       0.0            0.0            0.0            
Pd         0.2500115934   0.7499881093   0.4999990091   0.2523107      0.756885       0.504597       -3.796e-05     3.796e-05      -0.0           
Pd         0.2500115934   0.4999998018   0.7499881093   0.2523107      0.5045978      0.756885       -3.796e-05     0.0            3.796e-05      
Pd         0.0            0.7499952437   0.7499950456   0.0            0.7568922      0.756892       -0.0           6.12e-06       6.12e-06       
Pd         0.4999998018   0.0            0.0            0.5045978      -0.0           0.0            0.0            0.0            0.0            
Pd         0.7499952437   0.250004459    0.0            0.7568922      0.2523035      0.0            6.12e-06       -6.12e-06      0.0            
Pd         0.7499952437   0.0            0.2500039636   0.7568922      -0.0           0.252303       6.12e-06       -0.0           -6.12e-06      
Pd         0.4999998018   0.2500115934   0.2500108998   0.5045978      0.2523107      0.25231        -0.0           -3.796e-05     -3.796e-05     
Pd         0.4999998018   0.0            0.4999990091   0.5045978      0.0            0.504597       0.0            0.0            0.0            
Pd         0.7499881093   0.2500115934   0.4999990091   0.756885       0.2523107      0.504597       3.796e-05      -3.796e-05     0.0            
Pd         0.7499952437   0.0            0.7499950456   0.7568922      0.0            0.756892       6.12e-06       0.0            6.12e-06       
Pd         0.4999998018   0.2500115934   0.7499881093   0.5045978      0.2523107      0.756885       0.0            -3.796e-05     3.796e-05      
Pd         0.4999998018   0.4999998018   0.0            0.5045978      0.5045978      -0.0           0.0            0.0            0.0            
Pd         0.7499952437   0.7499952437   0.0            0.7568922      0.7568922      -0.0           6.12e-06       6.12e-06       0.0            
Pd         0.7499881093   0.4999998018   0.2500108998   0.756885       0.5045978      0.25231        3.796e-05      0.0            -3.796e-05     
Pd         0.4999998018   0.7499881093   0.2500108998   0.5045978      0.756885       0.25231        -0.0           3.796e-05      -3.796e-05     
Pd         0.4999998018   0.4999998018   0.4999990091   0.5045978      0.5045978      0.504597       0.0            -0.0           0.0            
Pd         0.7499881093   0.7499881093   0.4999990091   0.756885       0.756885       0.504597       3.796e-05      3.796e-05      0.0            
Pd         0.7499881093   0.4999998018   0.7499881093   0.756885       0.5045978      0.756885       3.796e-05      0.0            3.796e-05      
Pd         0.4999998018   0.7499881093   0.7499881093   0.5045978      0.756885       0.756885       -0.0           3.796e-05      3.796e-05      
